x,exact,approx
0,1,1
0.005859375,0.9999663545587881,0.9999663545588062
0.01171875,0.9998654204991841,0.9998654204992202
0.017578125,0.9996972046131297,0.9996972046131839
0.0234375,0.9994617182200205,0.9994617182200927
0.029296875,0.9991589771659435,0.9991589771660336
0.03515625,0.9987890018226115,0.9987890018227197
0.041015625,0.9983518170859917,0.9983518170861179
0.046875,0.9978474523746311,0.997847452374775
0.052734375,0.997275941627676,0.9972759416278375
0.05859375,0.9966373233025887,0.9966373233027678
0.064453125,0.9959316403725601,0.9959316403727567
0.0703125,0.9951589403236172,0.9951589403238312
0.076171875,0.9943192751514282,0.9943192751516595
0.08203125,0.9934127013578032,0.993412701358052
0.087890625,0.9924392799468931,0.9924392799471592
0.09375,0.9913990764210835,0.9913990764213666
0.099609375,0.9902921607765873,0.9902921607768878
0.10546875,0.9891186074987354,0.9891186074990528
0.111328125,0.9878784955569632,0.9878784955572976
0.1171875,0.9865719083994976,0.9865719083998489
0.123046875,0.9851989339477414,0.9851989339481094
0.12890625,0.9837596645903569,0.9837596645907418
0.134765625,0.9822541971770494,0.9822541971774509
0.140625,0.9806826330120495,0.9806826330124676
0.146484375,0.9790450778472967,0.9790450778477312
0.15234375,0.9773416418753229,0.9773416418757739
0.158203125,0.975572439721838,0.9755724397223053
0.1640625,0.973737590438016,0.9737375904384996
0.169921875,0.9718372174924843,0.9718372174929841
0.17578125,0.9698714487630153,0.9698714487635314
0.181640625,0.9678404165279216,0.9678404165284537
0.1875,0.9657442574571544,0.9657442574577023
0.193359375,0.9635831126031074,0.9635831126036711
0.19921875,0.9613571273911248,0.9613571273917042
0.205078125,0.9590664516097157,0.9590664516103109
0.2109375,0.9567112394004749,0.9567112394010856
0.216796875,0.95429164924771,0.9542916492483363
0.22265625,0.951807843967778,0.9518078439684197
0.228515625,0.9492599906981274,0.9492599906987845
0.234375,0.9466482608860534,0.9466482608867259
0.240234375,0.9439728302771594,0.9439728302778473
0.24609375,0.9412338789035322,0.9412338789042354
0.251953125,0.9384315910716264,0.938431591072345
0.2578125,0.9355661553498632,0.9355661553505968
0.263671875,0.9326377645559408,0.9326377645566893
0.26953125,0.9296466157438599,0.9296466157446232
0.275390625,0.9265929101906633,0.9265929101914414
0.28125,0.9234768533828924,0.9234768533836853
0.287109375,0.9202986550027596,0.9202986550035672
0.29296875,0.9170585289140385,0.9170585289148606
0.298828125,0.9137566931476725,0.9137566931485092
0.3046875,0.910393369887104,0.9103933698879551
0.310546875,0.9069687854533232,0.9069687854541886
0.31640625,0.9034831702896385,0.9034831702905181
0.322265625,0.8999367589461701,0.8999367589470638
0.328125,0.8963297900640667,0.8963297900649744
0.333984375,0.8926625063594472,0.8926625063603689
0.33984375,0.8889351546070684,0.8889351546080039
0.345703125,0.8851479856237185,0.8851479856246677
0.3515625,0.8813012542513406,0.8813012542523033
0.357421875,0.877395219339883,0.8773952193408593
0.36328125,0.8734301437298817,0.8734301437308715
0.369140625,0.8694062942347733,0.8694062942357765
0.375,0.8653239416229414,0.8653239416239579
0.380859375,0.8611833605994951,0.861183360600525
0.38671875,0.8569848297877856,0.8569848297888287
0.392578125,0.8527286317106559,0.8527286317117123
0.3984375,0.8484150527714306,0.8484150527725001
0.404296875,0.8440443832346427,0.8440443832357254
0.41015625,0.8396169172065021,0.839616917207598
0.416015625,0.835132952615105,0.8351329526162138
0.421875,0.8305927911903853,0.830592791191507
0.427734375,0.8259967384438117,0.8259967384449461
0.43359375,0.8213451036478291,0.8213451036489763
0.439453125,0.8166381998150476,0.8166381998162074
0.4453125,0.8118763436771798,0.8118763436783523
0.451171875,0.807059855663727,0.8070598556649121
0.45703125,0.8021890598804179,0.8021890598816154
0.462890625,0.7972642840873988,0.7972642840886086
0.46875,0.7922858596771786,0.7922858596784006
0.474609375,0.7872541216523289,0.787254121653563
0.48046875,0.7821694086029416,0.7821694086041877
0.486328125,0.7770320626838445,0.7770320626851027
0.4921875,0.7718424295915781,0.7718424295928482
0.498046875,0.7666008585411322,0.7666008585424143
0.50390625,0.7613077022424486,0.7613077022437423
0.509765625,0.7559633168766851,0.7559633168779905
0.515625,0.7505680620722489,0.7505680620735659
0.521484375,0.7451223008805969,0.7451223008819253
0.52734375,0.7396263997518051,0.739626399753145
0.533203125,0.7340807285099102,0.7340807285112614
0.5390625,0.7284856603280236,0.7284856603293861
0.544921875,0.7228415717032207,0.7228415717045943
0.55078125,0.7171488424312052,0.7171488424325898
0.556640625,0.7114078555807535,0.711407855582149
0.5625,0.7056189974679365,0.7056189974693431
0.568359375,0.6997826576301251,0.6997826576315425
0.57421875,0.6938992287997771,0.6938992288012052
0.580078125,0.6879691068780098,0.6879691068794488
0.5859375,0.6819926909079606,0.6819926909094101
0.591796875,0.6759703830479337,0.6759703830493936
0.59765625,0.6699025885443393,0.6699025885458095
0.603515625,0.6637897157044237,0.6637897157059045
0.609375,0.6576321758687947,0.6576321758702858
0.615234375,0.6514303833837413,0.6514303833852426
0.62109375,0.6451847555733523,0.6451847555748638
0.626953125,0.6388957127114346,0.6388957127129562
0.6328125,0.6325636779932318,0.6325636779947634
0.638671875,0.6261890775069477,0.6261890775084894
0.64453125,0.6197723402050741,0.6197723402066259
0.650390625,0.6133138978755263,0.6133138978770878
0.65625,0.6068141851125877,0.6068141851141591
0.662109375,0.6002736392876658,0.6002736392892468
0.66796875,0.5936927005198605,0.593692700521451
0.673828125,0.5870718116463487,0.5870718116479487
0.6796875,0.5804114181925851,0.580411418194195
0.685546875,0.5737119683423226,0.573711968343942
0.69140625,0.5669739129074534,0.5669739129090822
0.697265625,0.5601977052976734,0.5601977052993116
0.703125,0.5533838014899722,0.5533838014916196
0.708984375,0.5465326599979498,0.5465326599996061
0.71484375,0.5396447418409628,0.5396447418426279
0.720703125,0.5327205105131019,0.5327205105147761
0.7265625,0.5257604319520036,0.5257604319536864
0.732421875,0.5187649745074956,0.518764974509187
0.73828125,0.5117346089100827,0.5117346089117826
0.744140625,0.5046698082392693,0.5046698082409778
0.75,0.4975710478917271,0.497571047893444
0.755859375,0.4904388055493036,0.490438805551029
0.76171875,0.48327356114688,0.4832735611486139
0.767578125,0.4760757968400748,0.4760757968418169
0.7734375,0.4688459969727996,0.4688459969745501
0.779296875,0.4615846480446675,0.4615846480464261
0.78515625,0.454292238678255,0.454292238680022
0.791015625,0.4469692595862236,0.4469692595879989
0.796875,0.4396162035382987,0.439616203540082
0.802734375,0.4322335653281096,0.4322335653299011
0.80859375,0.4248218417398968,0.4248218417416962
0.814453125,0.4173815315150802,0.4173815315168878
0.8203125,0.4099131353187006,0.4099131353205164
0.826171875,0.4024171557057286,0.4024171557075522
0.83203125,0.3948940970872465,0.3948940970890781
0.837890625,0.3873444656965077,0.387344465698347
0.84375,0.37976876955487,0.3797687695567172
0.849609375,0.3721675184376121,0.372167518439467
0.85546875,0.3645412238396293,0.3645412238414917
0.861328125,0.3568903989410143,0.3568903989428843
0.8671875,0.3492155585725262,0.3492155585744037
0.873046875,0.3415172191809455,0.3415172191828306
0.87890625,0.3337958987943233,0.3337958987962158
0.884765625,0.3260521169871219,0.3260521169890217
0.890625,0.3182863948452522,0.3182863948471594
0.896484375,0.3104992549310102,0.3104992549329245
0.90234375,0.3026912212479117,0.3026912212498332
0.908203125,0.2948628192054335,0.2948628192073623
0.9140625,0.2870145755836573,0.2870145755855931
0.919921875,0.2791470184978214,0.2791470184997644
0.92578125,0.2712606773627851,0.271260677364735
0.931640625,0.263356082857402,0.2633560828593589
0.9375,0.2554337668888117,0.2554337668907756
0.943359375,0.2474942625566469,0.2474942625586175
0.94921875,0.2395381041171597,0.2395381041191371
0.955078125,0.2315658269472725,0.2315658269492565
0.9609375,0.2235779675085507,0.2235779675105414
0.966796875,0.2155750633111047,0.2155750633131021
0.97265625,0.2075576528774203,0.2075576528794239
0.978515625,0.1995262757061197,0.1995262757081298
0.984375,0.1914814722356603,0.1914814722376766
0.990234375,0.1834237838079662,0.1834237838099888
0.99609375,0.1753537526320022,0.175353752634031
1.001953125,0.1672719217472874,0.1672719217493223
1.0078125,0.1591788349873534,0.1591788349893943
1.013671875,0.1510750369431502,0.1510750369451969
1.01953125,0.1429610729263986,0.1429610729284513
1.025390625,0.1348374889328975,0.1348374889349561
1.03125,0.1267048316057827,0.1267048316078468
1.037109375,0.1185636481987414,0.1185636482008113
1.04296875,0.1104144865391898,0.1104144865412651
1.048828125,0.1022578949914063,0.1022578949934872
1.0546875,0.09409442241963412,0.0940944224217205
1.060546875,0.08592461815114637,0.08592461815323799
1.06640625,0.07774903193928108,0.0777490319413781
1.072265625,0.06956821392644924,0.06956821392855138
1.078125,0.06138271460711343,0.06138271460922083
1.083984375,0.05319308479074615,0.05319308479285875
1.08984375,0.04499987556476468,0.04499987556688218
1.095703125,0.03680363825744728,0.03680363825956984
1.1015625,0.02860492440083536,0.02860492440296271
1.107421875,0.02040428569361862,0.02040428569575091
1.11328125,0.01220227396401233,0.0122022739661495
1.119140625,0.003999441132623653,0.003999441134765418
1.125,-0.004203660824688264,-0.004203660822541749
1.130859375,-0.01240647991395366,-0.01240647991180268
1.13671875,-0.02060846416023809,-0.02060846415808249
1.142578125,-0.02880906164478378,-0.02880906164262362
1.1484375,-0.03700772054214937,-0.03700772053998495
1.154296875,-0.04520388915734343,-0.04520388915517459
1.16015625,-0.05339701596294687,-0.0533970159607739
1.166015625,-0.0615865496362276,-0.06158654963405034
1.171875,-0.06977193909623788,-0.06977193909405639
1.177734375,-0.07795263354089775,-0.07795263353871232
1.18359375,-0.08612808248405962,-0.08612808248187009
1.189453125,-0.09429773579254945,-0.09429773579035612
1.1953125,-0.1024610437231875,-0.1024610437209902
1.201171875,-0.1106174569597793,-0.1106174569575781
1.20703125,-0.1187664266500807,-0.1187664266478758
1.212890625,-0.1269074044427306,-0.126907404440522
1.21875,-0.1350398425241493,-0.1350398425219372
1.224609375,-0.1431631936554024,-0.1431631936531867
1.23046875,-0.1512769112090239,-0.1512769112068046
1.236328125,-0.1593804492057995,-0.1593804492035771
1.2421875,-0.1674732623515073,-0.1674732623492814
1.248046875,-0.1755548060736087,-0.1755548060713799
1.25390625,-0.1836245365578961,-0.183624536555664
1.259765625,-0.1916819107850835,-0.1916819107828485
1.265625,-0.1997263865673499,-0.1997263865651118
1.271484375,-0.2077574225848208,-0.2077574225825797
1.27734375,-0.2157744784219957,-0.2157744784197519
1.283203125,-0.2237770146041132,-0.2237770146018666
1.2890625,-0.2317644926334518,-0.2317644926312026
1.294921875,-0.2397363750255667,-0.2397363750233149
1.30078125,-0.2476921253454571,-0.2476921253432027
1.306640625,-0.2556312082436635,-0.2556312082414067
1.3125,-0.2635530894922923,-0.263553089490033
1.318359375,-0.2714572360209634,-0.271457236018702
1.32421875,-0.2793431159526827,-0.2793431159504188
1.330078125,-0.2872101986396305,-0.2872101986373642
1.3359375,-0.2950579546988706,-0.2950579546966023
1.341796875,-0.302885856047973,-0.3028858560457026
1.34765625,-0.3106933759405482,-0.3106933759382757
1.353515625,-0.3184799890016933,-0.3184799889994188
1.359375,-0.3262451712633442,-0.3262451712610677
1.365234375,-0.3339884001995341,-0.3339884001972559
1.37109375,-0.3417091547615556,-0.3417091547592754
1.376953125,-0.3494069154130207,-0.3494069154107389
1.3828125,-0.3570811641648229,-0.3570811641625394
1.388671875,-0.3647313846099915,-0.3647313846077064
1.39453125,-0.372357061958442,-0.3723570619561554
1.400390625,-0.3799576830716169,-0.3799576830693286
1.40625,-0.3875327364970139,-0.3875327364947244
1.412109375,-0.3950817125026043,-0.3950817125003133
1.41796875,-0.4026041031111309,-0.4026041031088385
1.423828125,-0.4100994021342915,-0.410099402131998
1.4296875,-0.4175671052068013,-0.4175671052045066
1.435546875,-0.4250067098203306,-0.4250067098180347
1.44140625,-0.4324177153573202,-0.4324177153550232
1.447265625,-0.4397996231246673,-0.4397996231223697
1.453125,-0.4471519363872852,-0.4471519363849866
1.458984375,-0.4544741604015261,-0.4544741603992267
1.46484375,-0.4617658024484749,-0.4617658024461747
1.470703125,-0.4690263718671038,-0.4690263718648028
1.4765625,-0.4762553800872894,-0.4762553800849881
1.482421875,-0.4834523406626903,-0.4834523406603884
1.48828125,-0.4906167693034783,-0.4906167693011759
1.494140625,-0.4977481839089279,-0.4977481839066251
1.5,-0.5048461045998571,-0.5048461045975543
1.505859375,-0.5119100537509201,-0.511910053748617
1.51171875,-0.5189395560227447,-0.5189395560204414
1.517578125,-0.5259341383939198,-0.5259341383916165
1.5234375,-0.5328933301928258,-0.5328933301905225
1.529296875,-0.539816663129305,-0.5398166631270023
1.53515625,-0.5467036713261756,-0.5467036713238732
1.541015625,-0.5535538913505784,-0.5535538913482763
1.546875,-0.5603668622451632,-0.5603668622428615
1.552734375,-0.5671421255591065,-0.5671421255568053
1.55859375,-0.573879225378961,-0.5738792253766606
1.564453125,-0.5805777083593354,-0.5805777083570356
1.5703125,-0.5872371237533989,-0.5872371237510997
1.576171875,-0.593857023443213,-0.5938570234409145
1.58203125,-0.6004369619698861,-0.6004369619675886
1.587890625,-0.6069764965635481,-0.6069764965612519
1.59375,-0.6134751871731463,-0.613475187170851
1.599609375,-0.6199325964960547,-0.6199325964937605
1.60546875,-0.6263482900075016,-0.6263482900052085
1.611328125,-0.6327218359898094,-0.6327218359875173
1.6171875,-0.6390528055614442,-0.6390528055591539
1.623046875,-0.645340772705878,-0.645340772703589
1.62890625,-0.6515853143002522,-0.6515853142979647
1.634765625,-0.6577860101438531,-0.657786010141567
1.640625,-0.6639424429863853,-0.663942442984101
1.646484375,-0.6700541985560502,-0.6700541985537678
1.65234375,-0.6761208655874228,-0.6761208655851423
1.658203125,-0.682142035849125,-0.6821420358468464
1.6640625,-0.6881173041712967,-0.6881173041690201
1.669921875,-0.6940462684728597,-0.6940462684705851
1.67578125,-0.699928529788574,-0.699928529786302
1.681640625,-0.7057636922958856,-0.7057636922936159
1.6875,-0.71155136334156,-0.7115513633392926
1.693359375,-0.7172911534681055,-0.7172911534658405
1.69921875,-0.7229826764399793,-0.7229826764377167
1.705078125,-0.7286255492695782,-0.7286255492673183
1.7109375,-0.7342193922430106,-0.7342193922407531
1.716796875,-0.7397638289456464,-0.7397638289433913
1.72265625,-0.7452584862874473,-0.7452584862851948
1.728515625,-0.7507029945280723,-0.7507029945258223
1.734375,-0.756096987301757,-0.7560969872995101
1.740234375,-0.7614401016419686,-0.7614401016397245
1.74609375,-0.766731978005828,-0.7667319780035868
1.751953125,-0.7719722602983049,-0.7719722602960666
1.7578125,-0.7771605958961798,-0.7771605958939445
1.763671875,-0.7822966356717717,-0.7822966356695397
1.76953125,-0.7873800340164323,-0.7873800340142034
1.775390625,-0.7924104488638012,-0.7924104488615755
1.78125,-0.7973875417128243,-0.7973875417106018
1.787109375,-0.8023109776505321,-0.8023109776483127
1.79296875,-0.8071804253745751,-0.8071804253723595
1.798828125,-0.8119955572155199,-0.8119955572133076
1.8046875,-0.8167560491588955,-0.8167560491566869
1.810546875,-0.8214615808669985,-0.8214615808647935
1.81640625,-0.8261118357004477,-0.8261118356982464
1.822265625,-0.8307065007394917,-0.8307065007372945
1.828125,-0.8352452668050662,-0.8352452668028727
1.833984375,-0.839727828479597,-0.8397278284774075
1.83984375,-0.8441538841275539,-0.8441538841253683
1.845703125,-0.8485231359157465,-0.8485231359135648
1.8515625,-0.852835289833366,-0.8528352898311887
1.857421875,-0.857090055711771,-0.8570900557095978
1.86328125,-0.8612871472440105,-0.8612871472418416
1.869140625,-0.8654262820040918,-0.8654262820019272
1.875,-0.8695071814659844,-0.8695071814638242
1.880859375,-0.8735295710223623,-0.8735295710202067
1.88671875,-0.8774931800030831,-0.8774931800009319
1.892578125,-0.8813977416934007,-0.8813977416912541
1.8984375,-0.8852429933519136,-0.8852429933497715
1.904296875,-0.8890286762282443,-0.889028676226107
1.91015625,-0.8927545355804517,-0.8927545355783193
1.916015625,-0.8964203206921723,-0.8964203206900445
1.921875,-0.9000257848894909,-0.900025784887368
1.927734375,-0.9035706855575403,-0.9035706855554223
1.93359375,-0.9070547841568264,-0.9070547841547134
1.939453125,-0.9104778462392797,-0.910477846237172
1.9453125,-0.9138396414640326,-0.91383964146193
1.951171875,-0.9171399436129177,-0.9171399436108202
1.95703125,-0.9203785306056911,-0.9203785306035989
1.962890625,-0.9235551845149762,-0.9235551845128893
1.96875,-0.9266696915809282,-0.9266696915788468
1.974609375,-0.9297218422256185,-0.9297218422235428
1.98046875,-0.9327114310671369,-0.9327114310650669
1.986328125,-0.9356382569334123,-0.9356382569313479
1.9921875,-0.9385021228757492,-0.9385021228736906
1.998046875,-0.9413028361820812,-0.9413028361800285
2.00390625,-0.9440402083899387,-0.9440402083878919
2.009765625,-0.9467140552991302,-0.9467140552970894
2.015625,-0.9493241969841378,-0.949324196982103
2.021484375,-0.9518704578062241,-0.9518704578041955
2.02734375,-0.9543526664252516,-0.9543526664232294
2.033203125,-0.956770655811212,-0.9567706558091962
2.0390625,-0.9591242632554658,-0.9591242632534565
2.044921875,-0.9614133303816913,-0.9614133303796885
2.05078125,-0.9636377031565415,-0.9636377031545451
2.056640625,-0.9657972319000093,-0.9657972318980198
2.0625,-0.9678917712955005,-0.9678917712935177
2.068359375,-0.9699211803996106,-0.9699211803976344
2.07421875,-0.9718853226516101,-0.9718853226496409
2.080078125,-0.9737840658826339,-0.9737840658806717
2.0859375,-0.9756172823245741,-0.975617282322619
2.091796875,-0.9773848486186791,-0.9773848486167311
2.09765625,-0.9790866458238531,-0.9790866458219121
2.103515625,-0.9807225594246602,-0.9807225594227263
2.109375,-0.982292479339031,-0.9822924793371043
2.115234375,-0.9837962999256686,-0.9837962999237493
2.12109375,-0.9852339199911594,-0.9852339199892474
2.126953125,-0.9866052427967802,-0.9866052427948755
2.1328125,-0.9879101760650093,-0.987910176063112
2.138671875,-0.9891486319857358,-0.9891486319838459
2.14453125,-0.9903205272221676,-0.9903205272202854
2.150390625,-0.9914257829164405,-0.991425782914566
2.15625,-0.9924643246949233,-0.9924643246930565
2.162109375,-0.9934360826732235,-0.9934360826713643
2.16796875,-0.9943409914608889,-0.9943409914590375
2.173828125,-0.995178990165809,-0.9951789901639655
2.1796875,-0.9959500223983114,-0.9959500223964758
2.185546875,-0.9966540362749566,-0.9966540362731292
2.19140625,-0.9972909844220299,-0.9972909844202105
2.197265625,-0.9978608239787282,-0.9978608239769169
2.203125,-0.998363516600045,-0.998363516598242
2.208984375,-0.9987990284593502,-0.9987990284575555
2.21484375,-0.9991673302506664,-0.9991673302488803
2.220703125,-0.9994683971906412,-0.9994683971888637
2.2265625,-0.9997022090202143,-0.9997022090184456
2.232421875,-0.9998687500059817,-0.9998687500042219
2.23828125,-0.9999680089412534,-0.9999680089395026
2.244140625,-0.9999999791468078,-0.9999999791450661
2.25,-0.999964658471342,-0.9999646584696094
2.255859375,-0.999862049291615,-0.9998620492898916
2.26171875,-0.9996921585122893,-0.9996921585105752
2.267578125,-0.9994549975654653,-0.9994549975637607
2.2734375,-0.9991505824099124,-0.9991505824082173
2.279296875,-0.9987789335299949,-0.9987789335283095
2.28515625,-0.9983400759342941,-0.9983400759326184
2.291015625,-0.9978340391539248,-0.997834039152259
2.296875,-0.9972608572405484,-0.9972608572388927
2.302734375,-0.9966205687640817,-0.9966205687624362
2.30859375,-0.9959132168101013,-0.9959132168084659
2.314453125,-0.9951388489769443,-0.9951388489753192
2.3203125,-0.9942975173725056,-0.9942975173708909
2.326171875,-0.9933892786107312,-0.993389278609127
2.33203125,-0.9924141938078089,-0.9924141938062152
2.337890625,-0.9913723285780556,-0.9913723285764724
2.34375,-0.9902637530295018,-0.9902637530279292
2.349609375,-0.9890885417591745,-0.9890885417576125
2.35546875,-0.987846773848077,-0.9878467738465257
2.361328125,-0.9865385328558679,-0.9865385328543275
2.3671875,-0.985163906815238,-0.9851639068137084
2.373046875,-0.9837229882259866,-0.9837229882244678
2.37890625,-0.9822158740487971,-0.9822158740472889
2.384765625,-0.9806426656987122,-0.980642665697215
2.390625,-0.9790034690383101,-0.9790034690368239
2.396484375,-0.9772983943705806,-0.9772983943691055
2.40234375,-0.9755275564315028,-0.9755275564300386
2.408203125,-0.9736910743823241,-0.9736910743808709
2.4140625,-0.9717890718015421,-0.9717890718001
2.419921875,-0.9698216766765888,-0.9698216766751581
2.42578125,-0.9677890213952184,-0.967789021393799
2.431640625,-0.9656912427365983,-0.9656912427351904
2.4375,-0.9635284818621059,-0.9635284818607094
2.443359375,-0.9613008843058285,-0.9613008843044435
2.44921875,-0.9590085999647715,-0.959008599963398
2.455078125,-0.956651783088771,-0.9566517830874092
2.4609375,-0.9542305922701142,-0.9542305922687643
2.466796875,-0.9517451904328681,-0.9517451904315298
2.47265625,-0.9491957448219152,-0.9491957448205888
2.478515625,-0.9465824269917003,-0.9465824269903859
2.484375,-0.9439054127946864,-0.943905412793384
2.490234375,-0.9411648823695212,-0.9411648823682309
2.49609375,-0.9383610201289152,-0.9383610201276371
2.501953125,-0.9354940147472327,-0.9354940147459669
2.5078125,-0.9325640591477958,-0.9325640591465423
2.513671875,-0.9295713504899022,-0.929571350488661
2.51953125,-0.9265160901555586,-0.9265160901543298
2.525390625,-0.9233984837359285,-0.9233984837347122
2.53125,-0.920218741017499,-0.9202187410162954
2.537109375,-0.9169770759679639,-0.9169770759667728
2.54296875,-0.9136737067218245,-0.9136737067206462
2.548828125,-0.9103088555657126,-0.9103088555645469
2.5546875,-0.9068827489234315,-0.9068827489222786
2.560546875,-0.9033956173407205,-0.9033956173395805
2.56640625,-0.899847695469741,-0.8998476954686139
2.572265625,-0.8962392220532864,-0.8962392220521723
2.578125,-0.8925704399087174,-0.8925704399076162
2.583984375,-0.8888415959116214,-0.8888415959105332
2.58984375,-0.8850529409792016,-0.8850529409781266
2.595703125,-0.8812047300533917,-0.8812047300523298
2.6015625,-0.8772972220837006,-0.8772972220826519
2.607421875,-0.873330680009788,-0.8733306800087521
2.61328125,-0.8693053707437695,-0.8693053707427471
2.619140625,-0.865221565152258,-0.8652215651512489
2.625,-0.8610795380381355,-0.8610795380371398
2.630859375,-0.8568795681220615,-0.8568795681210791
2.63671875,-0.8526219380237179,-0.852621938022749
2.642578125,-0.8483069342427907,-0.8483069342418355
2.6484375,-0.8439348471396921,-0.8439348471387506
2.654296875,-0.8395059709160215,-0.8395059709150937
2.66015625,-0.8350206035947679,-0.835020603593854
2.666015625,-0.8304790470002569,-0.8304790469993565
2.671875,-0.8258816067378385,-0.8258816067369521
2.677734375,-0.8212285921733252,-0.8212285921724528
2.68359375,-0.8165203164121732,-0.8165203164113147
2.689453125,-0.8117570962784127,-0.8117570962775684
2.6953125,-0.8069392522933304,-0.8069392522925001
2.701171875,-0.8020671086538987,-0.8020671086530826
2.70703125,-0.7971409932109627,-0.7971409932101609
2.712890625,-0.7921612374471774,-0.7921612374463899
2.71875,-0.7871281764547025,-0.7871281764539294
2.724609375,-0.7820421489126536,-0.7820421489118947
2.73046875,-0.7769034970643117,-0.7769034970635673
2.736328125,-0.7717125666940943,-0.7717125666933645
2.7421875,-0.7664697071042865,-0.7664697071035715
2.748046875,-0.7611752710915367,-0.7611752710908366
2.75390625,-0.7558296149231165,-0.7558296149224309
2.759765625,-0.7504330983129458,-0.7504330983122752
2.765625,-0.7449860843973897,-0.7449860843967342
2.771484375,-0.7394889397108211,-0.7394889397101807
2.77734375,-0.7339420341609568,-0.7339420341603317
2.783203125,-0.7283457410039663,-0.728345741003356
2.7890625,-0.7227004368193539,-0.7227004368187587
2.794921875,-0.7170065014846199,-0.71700650148404
2.80078125,-0.7112643181496975,-0.7112643181491329
2.806640625,-0.7054742732111703,-0.7054742732106213
2.8125,-0.6996367562862719,-0.6996367562857381
2.818359375,-0.6937521601866666,-0.6937521601861484
2.82421875,-0.6878208808920191,-0.6878208808915165
2.830078125,-0.6818433175233469,-0.6818433175228599
2.8359375,-0.6758198723161638,-0.6758198723156926
2.841796875,-0.6697509505934135,-0.6697509505929579
2.84765625,-0.6636369607381933,-0.6636369607377536
2.853515625,-0.6574783141662761,-0.6574783141658523
2.859375,-0.6512754252984243,-0.6512754252980165
2.865234375,-0.6450287115325035,-0.6450287115321116
2.87109375,-0.6387385932153945,-0.6387385932150191
2.876953125,-0.6324054936147107,-0.6324054936143511
2.8828125,-0.6260298388903113,-0.6260298388899683
2.888671875,-0.61961205806563,-0.6196120580653032
2.89453125,-0.6131525829988012,-0.6131525829984905
2.900390625,-0.6066518483536013,-0.6066518483533077
2.90625,-0.6001102915702026,-0.600110291569925
2.912109375,-0.5935283528357317,-0.5935283528354713
2.91796875,-0.5869064750546559,-0.5869064750544118
2.923828125,-0.5802451038189733,-0.5802451038187458
2.9296875,-0.5735446873782322,-0.573544687378022
2.935546875,-0.5668056766093686,-0.5668056766091751
2.94140625,-0.5600285249863626,-0.5600285249861866
2.947265625,-0.5532136885497285,-0.5532136885495694
2.953125,-0.546361625875823,-0.546361625875681
2.958984375,-0.5394727980459892,-0.5394727980458652
2.96484375,-0.532547668615532,-0.5325476686154255
2.970703125,-0.5255867035825204,-0.5255867035824318
2.9765625,-0.5185903713564353,-0.5185903713563641
2.982421875,-0.511559142726645,-0.5115591427265914
2.98828125,-0.5044934908307283,-0.5044934908306928
2.994140625,-0.4973938911226371,-0.4973938911226194
3,-0.4902608213407002,-0.4902608213407002
